# The 156 return words to 3 in A275888, one line per word length, as listed in the note https://oeis.org/A275888/a275888.txt linked from that entry.
13
113 123
1113 1123 2113
11113 11123 11213 11223 12113 21113 22113
111123 111213 111223 112113 112213 121113 121123 122113 212113 221113
1111223 1112113 1112213 1121123 1122113 1122123 1211113 1211123 1211213 1211223 1212113 1221113 2111213 2111223 2112113 2121113 2211123 2211213 2212113
11112213 11121223 11122113 11122123 11211223 11212113 12111223 12112113 12121113 12122113 12211213 12211223 12212113 21112113 21112213 21121223 21122113 21211213 21212113 22111213 22111223 22112113
111122123 111222113 112122113 112211223 112212113 121112213 121121123 121122123 121211223 121212113 122111223 122112123 211121123 211211223 211212213 212112123 221112113 221112213 221121123 221122113 221211223 221212113
1111221223 1112122113 1112221123 1121122123 1121211223 1121221123 1121222113 1211122123 1211212213 1211221223 1221122113 1221212113 2112212113 2211122123 2211211223 2211212113 2211222113
11121221123 11121222113 11211221223 11212221123 11221211223 12112122113 12121122123 12121211223 12211122123 12212121113 12212212113 21212212113 22111211223 22111212113 22112112213 22112122113 22112211223
111211221223 111212221123 112121122123 112212122113 121211221223 121221211223 122121211223 211221211223 221121122123 221121211223 221121221123 221121222113
1121221122123 1211212221123 2121122211223 2121221211223 2211211221223 2211212122113
11122211221223 11212221212113 22112121222113 22112221211223
112122211221223 122121211222113 221112121122123 221121212221123
1112112214121113 1112122211221223 1112212141211113 1121212221212113 2121122212212113
12112122211221223
121212112214121113
2211212122211221223
112112214121212121122123
11212112214121212121122123
