1 0 0 21 0 3 0 0 21 17
1 0 0 23 0 2 0 0 23 17
1 0 0 29 0 3 0 0 29 17
1 0 0 31 0 2 0 0 31 17
1 2 0 18 16 2 2 0 18 33
1 2 0 19 16 3 2 0 19 33
1 2 0 20 16 3 2 0 20 33
1 2 0 21 16 2 2 0 21 33
1 2 0 28 16 3 2 0 28 33
1 2 0 29 16 2 2 0 29 33
1 0 0 21 17 2 0 0 21 34
1 0 0 23 17 3 0 0 23 34
1 0 0 27 17 3 0 0 27 34
1 0 0 29 17 2 0 0 29 34
1 0 0 31 17 3 0 0 31 34
1 2 0 18 33 3 2 0 18 50
1 2 0 19 33 2 2 0 19 50
1 2 0 20 33 2 2 0 20 50
1 2 0 21 33 2 2 0 21 50
1 2 0 22 33 3 2 0 22 50
1 0 0 25 33 2 0 0 25 50
1 2 0 25 33 2 2 0 25 50
1 0 0 26 33 3 0 0 26 50
1 2 0 26 33 3 2 0 26 50
1 0 0 27 33 2 0 0 27 50
1 2 0 27 33 2 2 0 27 50
1 2 0 28 33 2 2 0 28 50
1 0 0 29 33 2 0 0 29 50
1 2 0 29 33 2 2 0 29 50
1 0 0 30 33 3 0 0 30 50
1 2 0 30 33 3 2 0 30 50
1 2 0 20 49 2 2 0 20 66
1 2 0 25 49 3 2 0 25 66
1 0 64 29 18 2 0 64 29 35
1 0 64 31 18 3 0 64 31 35
1 0 128 31 18 3 0 128 31 35
1 0 0 21 34 2 0 0 21 51
1 0 0 23 34 2 0 0 23 51
1 0 0 27 34 2 0 0 27 51
1 0 0 29 34 2 0 0 29 51
1 0 0 31 34 2 0 0 31 51
1 2 64 28 34 2 2 64 28 51
1 0 64 29 34 2 0 64 29 51
1 2 64 29 34 2 2 64 29 51
1 2 0 17 50 3 2 0 17 67
1 2 0 18 50 2 2 0 18 67
1 0 0 19 50 3 0 0 19 67
1 2 0 19 50 3 2 0 19 67
1 2 0 20 50 2 2 0 20 67
1 0 0 21 50 3 0 0 21 67
1 2 0 21 50 3 2 0 21 67
1 0 0 22 50 2 0 0 22 67
1 2 0 22 50 2 2 0 22 67
1 0 0 23 50 3 0 0 23 67
1 2 0 23 50 3 2 0 23 67
1 0 0 25 50 3 0 0 25 67
1 2 0 25 50 3 2 0 25 67
1 39226 0 137 50 3 39226 0 137 67
1 0 0 26 50 2 0 0 26 67
1 2 0 26 50 2 2 0 26 67
1 0 0 27 50 3 0 0 27 67
1 2 0 27 50 3 2 0 27 67
1 0 0 28 50 2 0 0 28 67
1 2 0 28 50 2 2 0 28 67
1 0 0 29 50 3 0 0 29 67
1 2 0 29 50 3 2 0 29 67
1 0 0 30 50 2 0 0 30 67
1 627628 0 174 50 2 627628 0 174 67
1 2 0 30 50 2 2 0 30 67
1 0 2 39 50 3 0 2 39 67
1 8 2 39 50 3 8 2 39 67
1 8 2 45 50 3 8 2 45 67
1 36 1028 55 50 3 36 4 55 67
1 36 1028 63 50 3 36 4 63 67
1 2 0 18 66 2 2 0 18 83
1 2 0 20 66 2 2 0 20 83
1 2 0 24 66 2 2 0 24 83
1 2 0 25 66 2 2 0 25 83
1 2 0 26 66 2 2 0 26 83
1 2 0 28 66 2 2 0 28 83
1 10 2 44 66 2 10 2 44 83
1 2 2 45 66 2 2 2 45 83
1 10 2 45 66 2 10 2 45 83
1 14 1028 53 66 2 14 4 53 83
1 0 64 29 35 2 0 64 29 52
1 0 64 31 35 2 0 64 31 52
1 0 128 31 35 2 0 128 31 52
1 0 0 21 51 3 0 0 21 68
1 0 0 23 51 3 0 0 23 68
1 0 0 27 51 3 0 0 27 68
1 0 0 29 51 3 0 0 29 68
1 0 0 31 51 3 0 0 31 68
1 2 64 23 51 3 2 64 23 68
1 2 64 28 51 2 2 64 28 68
1 0 64 29 51 3 0 64 29 68
1 2 64 29 51 3 2 64 29 68
1 2 64 30 51 2 2 64 30 68
1 0 128 23 51 3 0 128 23 68
1 2 0 17 67 2 2 0 17 84
1 2 0 18 67 2 2 0 18 84
1 0 0 19 67 2 0 0 19 84
1 2 0 19 67 2 2 0 19 84
1 2 0 20 67 2 2 0 20 84
1 0 0 21 67 2 0 0 21 84
1 2 0 21 67 2 2 0 21 84
1 0 0 22 67 2 0 0 22 84
1 2 0 22 67 2 2 0 22 84
1 0 0 23 67 2 0 0 23 84
1 2 0 23 67 2 2 0 23 84
1 0 0 25 67 2 0 0 25 84
1 2 0 25 67 2 2 0 25 84
1 39226 0 137 67 2 39226 0 137 84
1 0 0 26 67 2 0 0 26 84
1 2 0 26 67 2 2 0 26 84
1 0 0 27 67 2 0 0 27 84
1 2 0 27 67 2 2 0 27 84
1 0 0 28 67 2 0 0 28 84
1 2 0 28 67 2 2 0 28 84
1 0 0 29 67 2 0 0 29 84
1 2 0 29 67 2 2 0 29 84
1 0 0 30 67 2 0 0 30 84
1 627628 0 174 67 2 627628 0 174 84
1 2 0 30 67 2 2 0 30 84
1 0 2 39 67 2 0 2 39 84
1 8 2 39 67 2 8 2 39 84
1 8 2 45 67 2 8 2 45 84
1 0 1026 39 67 2 0 2 39 84
1 8 1026 39 67 2 8 2 39 84
1 0 1026 47 67 2 0 2 47 84
1 8 1026 47 67 2 8 2 47 84
1 36 4 55 67 2 36 4 55 84
1 36 4 63 67 2 36 4 63 84
1 176 4104 79 67 2 176 2056 79 84
1 164 4104 79 67 2 164 2056 79 84
1 140 4104 79 67 2 140 2056 79 84
1 2 0 18 83 3 2 0 18 100
1 2 0 20 83 3 2 0 20 100
1 2 0 21 83 3 2 0 21 100
1 2 0 22 83 3 2 0 22 100
1 2 0 24 83 3 2 0 24 100
1 2 0 25 83 3 2 0 25 100
1 0 0 26 83 2 0 0 26 100
1 2 0 26 83 3 2 0 26 100
1 2 0 28 83 3 2 0 28 100
1 2 0 30 83 3 2 0 30 100
1 2 2 43 83 3 2 2 43 100
1 10 2 44 83 3 10 2 44 100
1 2 2 45 83 3 2 2 45 100
1 10 2 45 83 3 10 2 45 100
1 8 1026 37 83 2 8 2 37 100
1 8 1026 45 83 2 8 2 45 100
1 14 4 53 83 3 14 4 53 100
1 44 4 62 83 2 44 4 62 100
1 12 1028 59 83 2 12 4 59 100
1 44 1028 59 83 2 44 4 59 100
1 14 2052 53 83 3 14 1028 53 100
1 38 2052 57 83 3 38 1028 57 100
1 184 2056 78 83 2 184 1032 78 100
1 14 4104 77 83 3 14 2056 77 100
1 142 4104 77 83 3 142 2056 77 100
0 0 64 23 52
1 0 64 39 52 5 0 0 30 50
0 4 64 39 52
1 36 64 55 52 9 2 0 28 33
1 8 64 39 52 5 2 0 30 50
0 12 64 39 52
1 12 64 55 52 9 0 0 29 17
0 0 64 27 52
1 0 64 43 52 5 0 0 22 50
0 4 64 43 52
1 36 64 59 52 9 2 0 28 33
1 8 64 43 52 5 2 0 22 50
0 12 64 43 52
1 12 64 59 52 9 0 0 29 17
0 0 64 29 52
0 4 64 45 52
1 36 64 61 52 9 2 0 20 33
0 12 64 45 52
1 12 64 61 52 9 0 0 21 17
0 0 64 31 52
1 0 64 47 52 5 0 0 30 50
1 2510512 64 191 52 5 627628 0 174 50
0 4 64 47 52
1 36 64 63 52 9 2 0 28 33
1 8 64 47 52 5 2 0 30 50
0 12 64 47 52
1 12 64 63 52 9 0 0 29 17
0 0 128 31 52
0 4 128 47 52
1 36 128 63 52 9 2 64 28 34
0 12 128 47 52
1 12 128 63 52 9 0 64 29 18
0 0 192 27 52
0 12 192 43 52
1 44 192 59 52 9 2 0 29 16
0 2 192 27 52
0 14 192 43 52
1 14 192 59 52 9 0 0 31 0
0 0 0 21 68
1 0 0 37 68 4 0 0 26 67
0 0 0 23 68
1 0 0 39 68 4 0 0 30 67
0 4 0 39 68
1 36 0 55 68 8 2 0 28 50
1 8 0 39 68 4 2 0 30 67
0 12 0 39 68
1 12 0 55 68 8 0 0 29 34
0 0 0 27 68
1 0 0 43 68 4 0 0 22 67
0 4 0 43 68
1 4 0 59 68 8 0 0 28 50
1 8 0 43 68 4 2 0 22 67
0 12 0 43 68
1 12 0 59 68 8 0 0 29 34
0 0 0 29 68
0 4 0 45 68
1 36 0 61 68 8 2 0 20 50
0 12 0 45 68
1 12 0 61 68 8 0 0 21 34
0 0 0 31 68
1 0 0 47 68 4 0 0 30 67
1 8 0 47 68 4 2 0 30 67
0 2 64 18 68
0 6 64 34 68
1 38 64 50 68 8 2 0 26 33
0 0 64 22 68
1 8 64 38 68 4 2 0 28 66
0 12 64 38 68
1 12 64 54 68 8 0 0 25 33
1 44 64 54 68 8 2 0 25 33
0 2 64 22 68
1 2 64 38 68 4 0 0 29 50
0 6 64 38 68
1 6 64 54 68 8 0 0 26 33
1 10 64 38 68 4 2 0 29 50
0 14 64 38 68
1 14 64 54 68 8 0 0 27 17
0 2 64 23 68
0 14 64 39 68
1 14 64 55 68 8 0 0 31 17
0 0 64 26 68
1 8 64 42 68 4 2 0 20 66
0 12 64 42 68
1 12 64 58 68 8 0 0 25 33
1 44 64 58 68 8 2 0 25 33
0 2 64 26 68
1 2 64 42 68 4 0 0 21 50
0 6 64 42 68
1 6 64 58 68 8 0 0 26 33
1 10 64 42 68 4 2 0 21 50
0 14 64 42 68
1 14 64 58 68 8 0 0 27 17
0 2 64 28 68
1 2 64 44 68 4 0 0 25 50
0 6 64 44 68
1 38 64 60 68 8 2 0 18 33
1 10 64 44 68 4 2 0 25 50
0 0 64 29 68
1 8 64 45 68 4 2 0 26 66
0 12 64 45 68
1 44 64 61 68 8 2 0 21 33
0 2 64 29 68
1 2 64 45 68 4 0 0 27 50
0 6 64 45 68
1 38 64 61 68 8 2 0 22 33
0 14 64 45 68
1 14 64 61 68 8 0 0 23 17
0 2 64 30 68
1 2 64 46 68 4 0 0 29 50
0 6 64 46 68
1 38 64 62 68 8 2 0 26 33
1 10 64 46 68 4 2 0 29 50
0 14 64 46 68
1 14 64 62 68 8 0 0 27 17
0 0 128 23 68
0 12 128 39 68
1 12 128 55 68 8 0 64 29 34
0 0 128 27 68
0 12 128 43 68
1 44 128 59 68 8 2 64 29 34
0 2 128 27 68
1 10 128 43 68 4 2 64 23 51
0 14 128 43 68
1 14 128 59 68 8 0 64 31 18
1 2 0 17 84 3 2 0 17 101
1 2 0 18 84 3 2 0 18 101
0 0 0 19 84
1 8 0 35 84 4 2 0 22 83
0 12 0 35 84
1 12 0 51 84 8 0 0 29 50
1 44 0 51 84 8 2 0 29 50
1 2 0 19 84 3 2 0 19 101
1 2 0 20 84 3 2 0 20 101
0 0 0 21 84
1 0 0 37 84 4 0 0 26 83
0 4 0 37 84
1 36 0 53 84 8 2 0 20 66
1 8 0 37 84 4 2 0 26 83
0 12 0 37 84
1 44 0 53 84 8 2 0 21 50
1 2 0 21 84 3 2 0 21 101
0 0 0 22 84
0 4 0 38 84
1 36 0 54 84 8 2 0 24 66
1 8 0 38 84 4 2 0 28 83
0 12 0 38 84
1 44 0 54 84 8 2 0 25 50
1 2 0 22 84 3 2 0 22 101
0 0 0 23 84
1 8 0 39 84 4 2 0 30 83
0 12 0 39 84
1 12 0 55 84 8 0 0 29 50
1 44 0 55 84 8 2 0 29 50
1 2 0 23 84 3 2 0 23 101
0 0 0 25 84
1 8 0 41 84 4 2 0 18 83
0 12 0 41 84
1 12 0 57 84 8 0 0 21 50
1 44 0 57 84 8 2 0 21 50
1 2 0 25 84 3 2 0 25 101
1 39226 0 137 84 3 39226 0 137 101
0 0 0 26 84
1 8 0 42 84 4 2 0 20 83
0 12 0 42 84
1 12 0 58 84 8 0 0 25 50
1 44 0 58 84 8 2 0 25 50
1 2 0 26 84 3 2 0 26 101
0 0 0 27 84
1 8 0 43 84 4 2 0 22 83
0 12 0 43 84
1 12 0 59 84 8 0 0 29 50
1 44 0 59 84 8 2 0 29 50
1 2 0 27 84 3 2 0 27 101
0 0 0 28 84
0 12 0 44 84
1 44 0 60 84 8 2 0 17 50
1 2 0 28 84 3 2 0 28 101
0 0 0 29 84
1 8 0 45 84 4 2 0 26 83
0 12 0 45 84
1 12 0 61 84 8 0 0 21 50
1 44 0 61 84 8 2 0 21 50
1 2 0 29 84 3 2 0 29 101
0 0 0 30 84
1 8 0 46 84 4 2 0 28 83
0 12 0 46 84
1 44 0 62 84 8 2 0 25 50
1 627628 0 174 84 8 39226 0 137 50
1 2 0 30 84 3 2 0 30 101
1 2 128 26 84 3 2 128 26 101
0 0 2 39 84
1 32 2 55 84 8 2 0 28 66
0 48 2 55 84
1 176 2 71 84 12 2 0 25 33
0 8 2 39 84
0 24 2 55 84
1 24 2 71 84 12 0 0 26 33
1 152 2 71 84 12 2 0 26 33
1 40 2 55 84 8 2 0 29 50
0 56 2 55 84
1 56 2 71 84 12 0 0 27 17
0 8 2 45 84
0 24 2 61 84
1 24 2 77 84 12 0 0 26 33
1 40 2 61 84 8 2 0 21 50
0 0 2 47 84
1 32 2 63 84 8 2 0 28 66
0 48 2 63 84
1 176 2 79 84 12 2 0 25 33
0 8 2 47 84
1 8 2 63 84 8 0 0 29 50
0 24 2 63 84
1 24 2 79 84 12 0 0 26 33
1 152 2 79 84 12 2 0 26 33
1 40 2 63 84 8 2 0 29 50
0 56 2 63 84
1 56 2 79 84 12 0 0 27 17
0 36 4 55 84
1 164 4 71 84 12 2 0 25 33
0 36 4 63 84
0 100 4 79 84
1 612 4 95 84 16 2 0 18 16
0 36 2052 55 84
1 36 2052 71 84 12 0 0 25 33
0 100 2052 71 84
1 612 2052 87 84 16 2 0 18 16
1 164 2052 71 84 12 2 0 25 33
0 12 2052 55 84
0 76 2052 71 84
1 588 2052 87 84 16 2 0 20 16
0 204 2052 71 84
1 204 2052 87 84 16 0 0 21 0
0 36 2052 63 84
1 36 2052 79 84 12 0 0 25 33
0 100 2052 79 84
1 612 2052 95 84 16 2 0 18 16
1 164 2052 79 84 12 2 0 25 33
0 12 2052 63 84
0 76 2052 79 84
1 588 2052 95 84 16 2 0 20 16
1 140 2052 79 84 12 2 0 26 33
0 204 2052 79 84
1 204 2052 95 84 16 0 0 21 0
1 176 2056 79 84 4 44 4 62 83
1 164 2056 79 84 8 10 2 44 66
1 140 2056 79 84 8 8 2 45 50
1 736 8208 95 84 4 184 2056 78 83
0 2 0 18 100
1 10 0 34 100 4 2 0 21 83
0 14 0 34 100
1 46 0 50 100 8 2 0 27 50
0 2 0 20 100
0 6 0 36 100
1 38 0 52 100 8 2 0 18 66
1 10 0 36 100 4 2 0 25 83
0 14 0 36 100
1 14 0 52 100 8 0 0 19 50
1 46 0 52 100 8 2 0 19 50
0 2 0 21 100
0 14 0 37 100
1 46 0 53 100 8 2 0 23 50
0 2 0 22 100
0 14 0 38 100
1 14 0 54 100 8 0 0 27 50
1 46 0 54 100 8 2 0 27 50
0 2 0 24 100
0 14 0 40 100
1 14 0 56 100 8 0 0 19 50
0 2 0 25 100
0 14 0 41 100
1 14 0 57 100 8 0 0 23 50
1 46 0 57 100 8 2 0 23 50
0 0 0 26 100
0 12 0 42 100
1 44 0 58 100 9 2 0 25 66
0 2 0 26 100
0 14 0 42 100
1 14 0 58 100 8 0 0 27 50
1 46 0 58 100 8 2 0 27 50
0 2 0 28 100
0 14 0 44 100
1 14 0 60 100 8 0 0 19 50
1 46 0 60 100 8 2 0 19 50
0 2 0 30 100
0 14 0 46 100
1 14 0 62 100 8 0 0 27 50
0 8 2 37 100
0 56 2 53 100
1 56 2 69 100 13 0 0 27 33
1 184 2 69 100 13 2 0 27 33
0 2 2 43 100
0 50 2 59 100
1 50 2 75 100 12 0 0 29 33
0 10 2 44 100
1 10 2 60 100 8 0 0 19 50
0 58 2 60 100
1 58 2 76 100 12 0 0 23 17
0 8 2 45 100
0 56 2 61 100
1 184 2 77 100 13 2 0 27 33
0 2 2 45 100
0 50 2 61 100
1 50 2 77 100 12 0 0 29 33
1 178 2 77 100 12 2 0 29 33
0 10 2 45 100
1 10 2 61 100 8 0 0 23 50
1 8 1026 35 100 3 8 2 35 117
1 2 1026 35 100 2 2 2 35 117
1 10 1026 35 100 2 10 2 35 117
1 2 1026 37 100 2 2 2 37 117
1 10 1026 37 100 2 10 2 37 117
1 8 1026 41 100 3 8 2 41 117
1 2 1026 41 100 2 2 2 41 117
1 10 1026 41 100 2 10 2 41 117
1 8 1026 43 100 3 8 2 43 117
1 10 1026 43 100 2 10 2 43 117
1 8 1026 45 100 3 8 2 45 117
1 2 1026 45 100 2 2 2 45 117
1 10 1026 45 100 2 10 2 45 117
0 14 4 53 100
0 78 4 69 100
1 590 4 85 100 16 2 0 28 16
0 12 4 59 100
0 204 4 75 100
1 716 4 91 100 17 2 0 21 16
0 44 4 59 100
1 44 4 75 100 13 0 0 27 33
0 236 4 75 100
1 236 4 91 100 17 0 0 23 0
0 44 4 62 100
0 236 4 78 100
1 236 4 94 100 17 0 0 23 0
1 14 1028 53 100 2 14 4 53 117
1 38 1028 57 100 2 38 4 57 117
1 10 2052 53 100 4 2 2 43 83
0 14 2052 53 100
1 14 2052 69 100 12 0 0 30 33
0 78 2052 69 100
1 590 2052 85 100 16 2 0 28 16
1 142 2052 69 100 12 2 0 30 33
0 206 2052 69 100
1 206 2052 85 100 16 0 0 29 0
0 6 2052 54 100
1 134 2052 70 100 12 2 0 20 49
0 36 2052 61 100
1 164 2052 77 100 12 2 0 25 49
0 228 2052 77 100
1 740 2052 93 100 16 2 0 19 16
0 14 2052 61 100
1 14 2052 77 100 12 0 0 30 33
0 78 2052 77 100
1 590 2052 93 100 16 2 0 28 16
1 142 2052 77 100 12 2 0 30 33
0 206 2052 77 100
1 206 2052 93 100 16 0 0 29 0
1 184 1032 78 100 3 184 8 78 117
1 14 2056 77 100 8 0 2 39 50
1 142 2056 77 100 8 8 2 39 50
1 50 4104 69 100 4 12 1028 59 83
1 178 4104 69 100 4 44 1028 59 83
1 44 4104 75 100 9 2 2 45 66
1 172 4104 75 100 9 10 2 45 66
1 590 8208 91 100 8 36 1028 63 50
1 236 8208 93 100 9 14 1028 53 66
1 590 8208 93 100 8 36 1028 55 50
0 0 192 23 53
1 0 192 39 53 33 0 1026 39 67
1 4 192 39 53 3 4 192 39 70
1 8 192 39 53 33 8 1026 39 67
1 12 192 39 53 3 12 192 39 70
0 0 192 31 53
1 0 192 47 53 33 0 1026 47 67
1 4 192 47 53 3 4 192 47 70
1 612 192 95 53 3 612 192 95 70
1 8 192 47 53 33 8 1026 47 67
1 12 192 47 53 3 12 192 47 70
0 0 192 21 69
1 8 192 37 69 32 8 1026 37 83
1 12 192 37 69 2 12 192 37 86
0 2 192 21 69
1 2 192 37 69 2 2 192 37 86
1 10 192 37 69 2 10 192 37 86
1 14 192 37 69 2 14 192 37 86
0 0 192 22 69
1 12 192 38 69 2 12 192 38 86
0 2 192 22 69
1 6 192 38 69 2 6 192 38 86
0 0 192 29 69
1 4 192 45 69 2 4 192 45 86
1 8 192 45 69 32 8 1026 45 83
1 12 192 45 69 2 12 192 45 86
0 2 192 29 69
1 2 192 45 69 2 2 192 45 86
1 10 192 45 69 2 10 192 45 86
1 14 192 45 69 2 14 192 45 86
0 0 64 19 85
1 8 64 35 85 32 8 1026 35 100
1 12 64 35 85 2 12 64 35 102
0 2 64 19 85
1 2 64 35 85 33 2 1026 35 100
1 10 64 35 85 33 10 1026 35 100
1 14 64 35 85 3 14 64 35 102
1 9806 64 115 85 3 9806 64 115 102
0 2 64 21 85
1 2 64 37 85 33 2 1026 37 100
1 6 64 37 85 3 6 64 37 102
1 10 64 37 85 33 10 1026 37 100
1 14 64 37 85 3 14 64 37 102
0 0 64 23 85
1 12 64 39 85 2 12 64 39 102
0 2 64 23 85
1 14 64 39 85 3 14 64 39 102
0 0 64 25 85
1 8 64 41 85 32 8 1026 41 100
1 12 64 41 85 2 12 64 41 102
0 2 64 25 85
1 2 64 41 85 33 2 1026 41 100
1 10 64 41 85 33 10 1026 41 100
1 14 64 41 85 3 14 64 41 102
0 0 64 27 85
1 8 64 43 85 32 8 1026 43 100
1 12 64 43 85 2 12 64 43 102
0 2 64 27 85
1 10 64 43 85 33 10 1026 43 100
1 14 64 43 85 3 14 64 43 102
0 0 64 29 85
1 8 64 45 85 32 8 1026 45 100
1 12 64 45 85 2 12 64 45 102
0 2 64 29 85
1 2 64 45 85 33 2 1026 45 100
1 10 64 45 85 33 10 1026 45 100
1 14 64 45 85 3 14 64 45 102
0 2 0 17 101
1 2 0 33 101 4 0 64 19 85
0 2 0 18 101
0 6 0 34 101
1 38 0 50 101 8 2 64 26 68
0 2 0 19 101
1 2 0 35 101 4 0 64 23 85
1 10 0 35 101 4 2 64 23 85
0 14 0 35 101
1 14 0 51 101 8 0 64 31 52
0 2 0 20 101
1 2 0 36 101 4 0 64 25 85
0 2 0 21 101
1 2 0 37 101 4 0 64 27 85
0 6 0 37 101
1 6 0 53 101 8 0 64 22 68
1 38 0 53 101 8 2 64 22 68
1 10 0 37 101 4 2 64 27 85
0 14 0 37 101
1 14 0 53 101 8 0 64 23 52
0 2 0 22 101
1 2 0 38 101 4 0 64 29 85
0 6 0 38 101
1 6 0 54 101 8 0 64 26 68
1 38 0 54 101 8 2 64 26 68
1 10 0 38 101 4 2 64 29 85
0 14 0 38 101
1 14 0 54 101 8 0 64 27 52
0 2 0 23 101
0 14 0 39 101
1 14 0 55 101 8 0 64 31 52
0 2 0 25 101
1 2 0 41 101 4 0 64 19 85
0 6 0 41 101
1 6 0 57 101 8 0 64 22 68
1 38 0 57 101 8 2 64 22 68
1 10 0 41 101 4 2 64 19 85
1 39226 0 137 101 4 9806 64 115 85
0 14 0 41 101
1 14 0 57 101 8 0 64 23 52
0 2 0 26 101
0 6 0 42 101
1 6 0 58 101 8 0 64 26 68
1 10 0 42 101 4 2 64 21 85
0 14 0 42 101
1 14 0 58 101 8 0 64 27 52
0 2 0 27 101
1 2 0 43 101 4 0 64 23 85
0 14 0 43 101
1 14 0 59 101 8 0 64 31 52
0 2 0 28 101
1 2 0 44 101 4 0 64 25 85
0 6 0 44 101
1 38 0 60 101 8 2 64 18 68
1 10 0 44 101 4 2 64 25 85
0 2 0 29 101
1 2 0 45 101 4 0 64 27 85
0 6 0 45 101
1 38 0 61 101 8 2 64 22 68
1 10 0 45 101 4 2 64 27 85
0 14 0 45 101
1 14 0 61 101 8 0 64 23 52
0 2 0 30 101
1 2 0 46 101 4 0 64 29 85
0 6 0 46 101
1 6 0 62 101 8 0 64 26 68
1 38 0 62 101 8 2 64 26 68
1 10 0 46 101 4 2 64 29 85
0 14 0 46 101
1 14 0 62 101 8 0 64 27 52
0 2 128 26 101
0 14 128 42 101
1 14 128 58 101 8 0 192 27 52
1 46 128 58 101 8 2 192 27 52
0 8 2 35 117
1 24 2 51 117 2 24 2 51 134
1 56 2 51 117 2 56 2 51 134
0 2 2 35 117
0 50 2 51 117
1 50 2 67 117 12 0 64 29 51
1 178 2 67 117 12 2 64 29 51
0 10 2 35 117
0 58 2 51 117
1 58 2 67 117 13 0 64 31 35
0 2 2 37 117
0 50 2 53 117
1 178 2 69 117 12 2 64 29 51
0 10 2 37 117
0 58 2 53 117
1 58 2 69 117 13 0 64 31 35
0 8 2 41 117
1 24 2 57 117 2 24 2 57 134
1 56 2 57 117 2 56 2 57 134
0 2 2 41 117
0 50 2 57 117
1 50 2 73 117 12 0 64 29 51
1 178 2 73 117 12 2 64 29 51
0 10 2 41 117
0 58 2 57 117
1 58 2 73 117 13 0 64 31 35
0 8 2 43 117
1 56 2 59 117 2 56 2 59 134
0 10 2 43 117
0 58 2 59 117
1 58 2 75 117 13 0 64 31 35
0 8 2 45 117
1 56 2 61 117 2 56 2 61 134
0 2 2 45 117
0 50 2 61 117
1 178 2 77 117 12 2 64 29 51
0 10 2 45 117
0 58 2 61 117
1 58 2 77 117 13 0 64 31 35
0 14 4 53 117
0 78 4 69 117
1 590 4 85 117 17 2 64 28 34
1 142 4 69 117 13 2 64 30 51
0 206 4 69 117
1 206 4 85 117 17 0 64 29 18
0 38 4 57 117
1 38 4 73 117 12 0 64 29 51
1 166 4 73 117 12 2 64 29 51
1 184 8 78 117 32 184 1034 78 133
1 184 1034 78 133 3 184 10 78 150
0 4 192 39 70
1 36 192 55 70 64 36 2052 55 84
0 12 192 39 70
1 12 192 55 70 64 12 2052 55 84
0 4 192 47 70
1 36 192 63 70 64 36 2052 63 84
1 612 192 95 70 64 612 2052 95 84
0 12 192 47 70
1 12 192 63 70 64 12 2052 63 84
0 2 448 37 70
1 50 448 53 70 2 50 448 53 87
0 10 448 37 70
1 58 448 53 70 2 58 448 53 87
0 14 448 37 70
1 14 448 53 70 64 14 2052 53 83
0 6 448 41 70
1 38 448 57 70 64 38 2052 57 83
0 12 192 37 86
1 44 192 53 86 2 44 192 53 103
0 2 192 37 86
1 50 192 53 86 3 50 192 53 103
0 10 192 37 86
1 10 192 53 86 65 10 2052 53 100
1 58 192 53 86 3 58 192 53 103
0 14 192 37 86
1 14 192 53 86 65 14 2052 53 100
0 12 192 38 86
1 44 192 54 86 2 44 192 54 103
0 6 192 38 86
1 6 192 54 86 65 6 2052 54 100
0 4 192 45 86
1 36 192 61 86 64 36 2052 61 100
0 12 192 45 86
1 44 192 61 86 2 44 192 61 103
0 2 192 45 86
1 50 192 61 86 3 50 192 61 103
0 10 192 45 86
1 58 192 61 86 3 58 192 61 103
0 14 192 45 86
1 14 192 61 86 65 14 2052 61 100
0 12 64 35 102
1 12 64 51 102 9 0 192 29 69
1 44 64 51 102 9 2 192 29 69
0 14 64 35 102
1 14 64 51 102 8 0 192 31 53
1 9806 64 115 102 8 612 192 95 53
0 6 64 37 102
1 6 64 53 102 8 0 192 22 69
1 38 64 53 102 8 2 192 22 69
0 14 64 37 102
1 14 64 53 102 8 0 192 23 53
0 12 64 39 102
1 12 64 55 102 9 0 192 29 69
1 44 64 55 102 9 2 192 29 69
0 14 64 39 102
1 14 64 55 102 8 0 192 31 53
0 12 64 41 102
1 12 64 57 102 9 0 192 21 69
1 44 64 57 102 9 2 192 21 69
0 14 64 41 102
1 14 64 57 102 8 0 192 23 53
0 12 64 43 102
1 12 64 59 102 9 0 192 29 69
1 44 64 59 102 9 2 192 29 69
0 14 64 43 102
1 14 64 59 102 8 0 192 31 53
0 12 64 45 102
1 12 64 61 102 9 0 192 21 69
1 44 64 61 102 9 2 192 21 69
0 14 64 45 102
1 14 64 61 102 8 0 192 23 53
0 24 2 51 134
1 152 2 67 134 12 2 128 26 84
0 56 2 51 134
1 56 2 67 134 13 0 128 27 68
1 184 2 67 134 13 2 128 27 68
0 24 2 57 134
1 152 2 73 134 12 2 128 26 84
0 56 2 57 134
1 56 2 73 134 13 0 128 27 68
1 184 2 73 134 13 2 128 27 68
0 56 2 59 134
1 56 2 75 134 13 0 128 27 68
1 184 2 75 134 13 2 128 27 68
0 56 2 61 134
1 56 2 77 134 13 0 128 27 68
0 184 10 78 150
1 184 10 94 150 16 0 128 23 51
0 952 10 94 150
1 952 10 110 150 20 0 128 31 18
0 32 960 63 55
1 224 960 79 55 3 224 960 79 72
0 48 960 63 55
1 176 960 79 55 97 176 4104 79 67
0 36 960 63 55
1 164 960 79 55 97 164 4104 79 67
0 12 960 63 55
1 140 960 79 55 97 140 4104 79 67
0 44 960 61 71
1 236 960 77 71 2 236 960 77 88
0 14 960 61 71
1 14 960 77 71 96 14 4104 77 83
1 78 960 77 71 2 78 960 77 88
1 142 960 77 71 96 142 4104 77 83
0 50 448 53 87
1 50 448 69 87 97 50 4104 69 100
1 178 448 69 87 97 178 4104 69 100
0 58 448 53 87
1 58 448 69 87 3 58 448 69 104
0 12 448 59 87
1 204 448 75 87 2 204 448 75 104
0 44 448 59 87
1 44 448 75 87 96 44 4104 75 100
1 172 448 75 87 96 172 4104 75 100
1 236 448 75 87 2 236 448 75 104
0 14 448 59 87
1 14 448 75 87 3 14 448 75 104
1 78 448 75 87 3 78 448 75 104
1 206 448 75 87 3 206 448 75 104
0 44 192 53 103
1 44 192 69 103 9 2 448 37 70
1 236 192 69 103 9 14 448 37 70
0 50 192 53 103
1 178 192 69 103 4 44 448 59 87
0 58 192 53 103
1 58 192 69 103 4 14 448 59 87
0 44 192 54 103
1 108 192 70 103 9 6 448 41 70
0 44 192 61 103
1 44 192 77 103 9 2 448 37 70
1 172 192 77 103 9 10 448 37 70
1 236 192 77 103 9 14 448 37 70
0 50 192 61 103
1 50 192 77 103 4 12 448 59 87
1 178 192 77 103 4 44 448 59 87
0 58 192 61 103
1 58 192 77 103 4 14 448 59 87
0 224 960 79 72
1 736 960 95 72 128 736 8208 95 84
0 78 960 75 88
1 590 960 91 88 129 590 8208 91 100
0 236 960 77 88
1 236 960 93 88 128 236 8208 93 100
0 78 960 77 88
1 590 960 93 88 129 590 8208 93 100
0 58 448 69 104
1 314 448 85 104 4 78 960 75 88
0 204 448 75 104
1 716 448 91 104 9 44 960 61 71
0 236 448 75 104
1 236 448 91 104 9 14 960 61 71
0 14 448 75 104
1 526 448 91 104 8 32 960 63 55
1 782 448 91 104 8 48 960 63 55
0 78 448 75 104
1 590 448 91 104 8 36 960 63 55
0 206 448 75 104
1 206 448 91 104 8 12 960 63 55
